18 20
9 3 5 -14 8 12 16 6 -13 -7
9 17 8 -3 -15 -7 14 10 9 18
9 -7 11 -12 -9 6 -3 -4 5 17
9 9 -10 11 -18 7 -1 -12 16 -13
9 -8 6 9 12 15 10 -11 -1 2
9 15 1 5 -14 10 -3 11 9 -18
9 4 12 -14 -3 5 -1 -16 -2 -6
9 -8 -17 2 -12 -15 5 7 16 10
9 -9 13 -2 5 -17 4 -6 10 -18
9 4 -15 -14 -11 2 -9 -13 16 8
9 17 -10 -15 -14 -12 -4 -8 13 11
9 8 -11 -6 13 -12 17 18 14 3
9 13 11 -5 -6 -1 16 9 8 -4
9 -16 1 -10 15 5 18 -2 -6 -7
9 -3 -1 -17 -6 5 -2 18 7 -9
9 -13 14 4 3 -1 -15 -2 18 -17
9 11 18 17 6 -9 -12 -10 -16 15
9 13 18 -2 3 8 4 16 14 7
9 -16 -3 -17 -8 4 13 -1 -15 7
9 12 -4 11 -1 -14 7 2 -5 10
